%YAML:1.0
---
camera_matrix: !!opencv-matrix
   rows: 3
   cols: 3
   dt: d
   data: [ 885.92485251038931, 0., 349.51428123553018, 0.,
       916.10562449408519, 151.08780807758322, 0., 0., 1. ]
dist_coeffs: !!opencv-matrix
   rows: 1
   cols: 5
   dt: d
   data: [ -0.28636909913776021, -0.92942634464860974,
       -0.0099824075436767967, -0.030103056328608099, 6.1445706656160279 ]
